kba |t0| |t1| |t2| |t3| |t4|
5.000000e-02 9.997721e-01 2.444419e-01 9.811369e-04 3.066679e-07 3.194795e-11
5.708155e-02 9.996642e-01 2.545292e-01 1.278496e-03 5.208539e-07 7.072225e-11
6.416309e-02 9.995288e-01 2.641107e-01 1.615051e-03 8.314028e-07 1.426418e-10
7.124464e-02 9.993638e-01 2.732797e-01 1.990753e-03 1.263598e-06 2.672982e-10
7.832618e-02 9.991671e-01 2.821050e-01 2.405545e-03 1.845655e-06 4.719186e-10
8.540773e-02 9.989371e-01 2.906391e-01 2.859369e-03 2.608712e-06 7.931318e-10
9.248927e-02 9.986721e-01 2.989227e-01 3.352159e-03 3.586825e-06 1.278916e-09
9.957082e-02 9.983707e-01 3.069885e-01 3.883843e-03 4.816957e-06 1.990730e-09
1.066524e-01 9.980314e-01 3.148626e-01 4.454346e-03 6.338968e-06 3.005823e-09
1.137339e-01 9.976532e-01 3.225667e-01 5.063585e-03 8.195602e-06 4.419727e-09
1.208155e-01 9.972350e-01 3.301186e-01 5.711476e-03 1.043248e-05 6.348925e-09
1.278970e-01 9.967756e-01 3.375336e-01 6.397927e-03 1.309809e-05 8.933704e-09
1.349785e-01 9.962743e-01 3.448243e-01 7.122843e-03 1.624377e-05 1.234118e-08
1.420601e-01 9.957301e-01 3.520018e-01 7.886122e-03 1.992367e-05 1.676848e-08
1.491416e-01 9.951424e-01 3.590754e-01 8.687660e-03 2.419480e-05 2.244617e-08
1.562232e-01 9.945105e-01 3.660534e-01 9.527346e-03 2.911694e-05 2.964176e-08
1.633047e-01 9.938337e-01 3.729428e-01 1.040507e-02 3.475267e-05 3.866342e-08
1.703863e-01 9.931114e-01 3.797500e-01 1.132071e-02 4.116735e-05 4.986393e-08
1.774678e-01 9.923431e-01 3.864804e-01 1.227414e-02 4.842908e-05 6.364469e-08
1.845494e-01 9.915284e-01 3.931389e-01 1.326523e-02 5.660869e-05 8.045999e-08
1.916309e-01 9.906669e-01 3.997299e-01 1.429387e-02 6.577972e-05 1.008214e-07
1.987124e-01 9.897580e-01 4.062572e-01 1.535990e-02 7.601841e-05 1.253022e-07
2.057940e-01 9.888015e-01 4.127242e-01 1.646320e-02 8.740365e-05 1.545425e-07
2.128755e-01 9.877971e-01 4.191341e-01 1.760362e-02 1.000170e-04 1.892537e-07
2.199571e-01 9.867444e-01 4.254897e-01 1.878101e-02 1.139426e-04 2.302236e-07
2.270386e-01 9.856432e-01 4.317934e-01 1.999523e-02 1.292672e-04 2.783219e-07
2.341202e-01 9.844933e-01 4.380476e-01 2.124611e-02 1.460802e-04 3.345054e-07
2.412017e-01 9.832944e-01 4.442541e-01 2.253351e-02 1.644734e-04 3.998234e-07
2.482833e-01 9.820464e-01 4.504150e-01 2.385727e-02 1.845412e-04 4.754233e-07
2.553648e-01 9.807491e-01 4.565319e-01 2.521722e-02 2.063804e-04 5.625570e-07
2.624464e-01 9.794023e-01 4.626063e-01 2.661319e-02 2.300904e-04 6.625861e-07
2.695279e-01 9.780059e-01 4.686395e-01 2.804502e-02 2.557729e-04 7.769886e-07
2.766094e-01 9.765598e-01 4.746329e-01 2.951253e-02 2.835320e-04 9.073647e-07
2.836910e-01 9.750639e-01 4.805876e-01 3.101555e-02 3.134742e-04 1.055444e-06
2.907725e-01 9.735182e-01 4.865046e-01 3.255390e-02 3.457083e-04 1.223090e-06
2.978541e-01 9.719225e-01 4.923849e-01 3.412740e-02 3.803454e-04 1.412310e-06
3.049356e-01 9.702768e-01 4.982293e-01 3.573587e-02 4.174988e-04 1.625259e-06
3.120172e-01 9.685811e-01 5.040386e-01 3.737912e-02 4.572841e-04 1.864248e-06
3.190987e-01 9.668354e-01 5.098136e-01 3.905695e-02 4.998191e-04 2.131752e-06
3.261803e-01 9.650396e-01 5.155549e-01 4.076919e-02 5.452236e-04 2.430414e-06
3.332618e-01 9.631937e-01 5.212630e-01 4.251564e-02 5.936195e-04 2.763056e-06
3.403433e-01 9.612978e-01 5.269385e-01 4.429610e-02 6.451310e-04 3.132683e-06
3.474249e-01 9.593518e-01 5.325820e-01 4.611037e-02 6.998840e-04 3.542493e-06
3.545064e-01 9.573559e-01 5.381937e-01 4.795826e-02 7.580066e-04 3.995886e-06
3.615880e-01 9.553099e-01 5.437742e-01 4.983956e-02 8.196287e-04 4.496467e-06
3.686695e-01 9.532140e-01 5.493237e-01 5.175407e-02 8.848823e-04 5.048057e-06
3.757511e-01 9.510683e-01 5.548427e-01 5.370158e-02 9.539009e-04 5.654702e-06
3.828326e-01 9.488727e-01 5.603313e-01 5.568188e-02 1.026820e-03 6.320679e-06
3.899142e-01 9.466274e-01 5.657899e-01 5.769477e-02 1.103777e-03 7.050503e-06
3.969957e-01 9.443324e-01 5.712186e-01 5.974003e-02 1.184911e-03 7.848940e-06
4.040773e-01 9.419878e-01 5.766177e-01 6.181745e-02 1.270362e-03 8.721010e-06
4.111588e-01 9.395936e-01 5.819873e-01 6.392682e-02 1.360273e-03 9.672000e-06
4.182403e-01 9.371501e-01 5.873275e-01 6.606791e-02 1.454787e-03 1.070747e-05
4.253219e-01 9.346573e-01 5.926386e-01 6.824051e-02 1.554050e-03 1.183326e-05
4.324034e-01 9.321152e-01 5.979206e-01 7.044439e-02 1.658208e-03 1.305549e-05
4.394850e-01 9.295241e-01 6.031736e-01 7.267935e-02 1.767409e-03 1.438062e-05
4.465665e-01 9.268839e-01 6.083976e-01 7.494515e-02 1.881804e-03 1.581536e-05
4.536481e-01 9.241949e-01 6.135927e-01 7.724157e-02 2.001542e-03 1.736678e-05
4.607296e-01 9.214572e-01 6.187590e-01 7.956839e-02 2.126777e-03 1.904227e-05
4.678112e-01 9.186709e-01 6.238965e-01 8.192537e-02 2.257660e-03 2.084953e-05
4.748927e-01 9.158361e-01 6.290052e-01 8.431229e-02 2.394347e-03 2.279663e-05
4.819742e-01 9.129529e-01 6.340850e-01 8.672893e-02 2.536994e-03 2.489199e-05
4.890558e-01 9.100216e-01 6.391360e-01 8.917504e-02 2.685755e-03 2.714438e-05
4.961373e-01 9.070423e-01 6.441582e-01 9.165040e-02 2.840790e-03 2.956295e-05
5.032189e-01 9.040150e-01 6.491514e-01 9.415477e-02 3.002256e-03 3.215722e-05
5.103004e-01 9.009401e-01 6.541157e-01 9.668793e-02 3.170314e-03 3.493713e-05
5.173820e-01 8.978175e-01 6.590509e-01 9.924963e-02 3.345122e-03 3.791298e-05
5.244635e-01 8.946476e-01 6.639571e-01 1.018396e-01 3.526842e-03 4.109550e-05
5.315451e-01 8.914305e-01 6.688342e-01 1.044577e-01 3.715635e-03 4.449583e-05
5.386266e-01 8.881662e-01 6.736820e-01 1.071036e-01 3.911664e-03 4.812555e-05
5.457082e-01 8.848551e-01 6.785005e-01 1.097772e-01 4.115091e-03 5.199666e-05
5.527897e-01 8.814973e-01 6.832897e-01 1.124780e-01 4.326080e-03 5.612162e-05
5.598712e-01 8.780930e-01 6.880492e-01 1.152060e-01 4.544795e-03 6.051332e-05
5.669528e-01 8.746423e-01 6.927792e-01 1.179609e-01 4.771399e-03 6.518515e-05
5.740343e-01 8.711455e-01 6.974795e-01 1.207424e-01 5.006057e-03 7.015094e-05
5.811159e-01 8.676027e-01 7.021499e-01 1.235502e-01 5.248934e-03 7.542503e-05
5.881974e-01 8.640141e-01 7.067903e-01 1.263842e-01 5.500196e-03 8.102222e-05
5.952790e-01 8.603800e-01 7.114006e-01 1.292442e-01 5.760007e-03 8.695785e-05
6.023605e-01 8.567005e-01 7.159807e-01 1.321297e-01 6.028532e-03 9.324774e-05
6.094421e-01 8.529758e-01 7.205305e-01 1.350407e-01 6.305938e-03 9.990824e-05
6.165236e-01 8.492062e-01 7.250497e-01 1.379768e-01 6.592390e-03 1.069562e-04
6.236052e-01 8.453918e-01 7.295383e-01 1.409379e-01 6.888053e-03 1.144091e-04
6.306867e-01 8.415329e-01 7.339961e-01 1.439236e-01 7.193092e-03 1.222849e-04
6.377682e-01 8.376297e-01 7.384230e-01 1.469337e-01 7.507673e-03 1.306020e-04
6.448498e-01 8.336823e-01 7.428187e-01 1.499680e-01 7.831960e-03 1.393796e-04
6.519313e-01 8.296911e-01 7.471833e-01 1.530262e-01 8.166119e-03 1.486373e-04
6.590129e-01 8.256562e-01 7.515164e-01 1.561081e-01 8.510313e-03 1.583954e-04
6.660944e-01 8.215779e-01 7.558180e-01 1.592133e-01 8.864706e-03 1.686746e-04
6.731760e-01 8.174563e-01 7.600878e-01 1.623418e-01 9.229463e-03 1.794964e-04
6.802575e-01 8.132918e-01 7.643258e-01 1.654931e-01 9.604745e-03 1.908829e-04
6.873391e-01 8.090845e-01 7.685317e-01 1.686671e-01 9.990716e-03 2.028566e-04
6.944206e-01 8.048347e-01 7.727054e-01 1.718635e-01 1.038754e-02 2.154409e-04
7.015021e-01 8.005426e-01 7.768468e-01 1.750821e-01 1.079537e-02 2.286596e-04
7.085837e-01 7.962084e-01 7.809555e-01 1.783225e-01 1.121437e-02 2.425374e-04
7.156652e-01 7.918325e-01 7.850316e-01 1.815846e-01 1.164471e-02 2.570993e-04
7.227468e-01 7.874149e-01 7.890748e-01 1.848681e-01 1.208654e-02 2.723712e-04
7.298283e-01 7.829561e-01 7.930849e-01 1.881727e-01 1.254001e-02 2.883797e-04
7.369099e-01 7.784562e-01 7.970618e-01 1.914981e-01 1.300529e-02 3.051518e-04
7.439914e-01 7.739155e-01 8.010054e-01 1.948442e-01 1.348253e-02 3.227156e-04
7.510730e-01 7.693342e-01 8.049153e-01 1.982106e-01 1.397189e-02 3.410994e-04
7.581545e-01 7.647126e-01 8.087915e-01 2.015972e-01 1.447352e-02 3.603326e-04
7.652361e-01 7.600510e-01 8.126337e-01 2.050036e-01 1.498758e-02 3.804451e-04
7.723176e-01 7.553495e-01 8.164419e-01 2.084295e-01 1.551421e-02 4.014675e-04
7.793991e-01 7.506085e-01 8.202158e-01 2.118748e-01 1.605357e-02 4.234312e-04
7.864807e-01 7.458282e-01 8.239552e-01 2.153391e-01 1.660580e-02 4.463682e-04
7.935622e-01 7.410089e-01 8.276600e-01 2.188223e-01 1.717106e-02 4.703114e-04
8.006438e-01 7.361509e-01 8.313301e-01 2.223240e-01 1.774949e-02 4.952942e-04
8.077253e-01 7.312544e-01 8.349651e-01 2.258440e-01 1.834123e-02 5.213509e-04
8.148069e-01 7.263197e-01 8.385650e-01 2.293820e-01 1.894644e-02 5.485166e-04
8.218884e-01 7.213470e-01 8.421296e-01 2.329378e-01 1.956524e-02 5.768269e-04
8.289700e-01 7.163367e-01 8.456587e-01 2.365110e-01 2.019779e-02 6.063185e-04
8.360515e-01 7.112889e-01 8.491521e-01 2.401016e-01 2.084423e-02 6.370285e-04
8.431330e-01 7.062041e-01 8.526097e-01 2.437091e-01 2.150468e-02 6.689950e-04
8.502146e-01 7.010824e-01 8.560313e-01 2.473333e-01 2.217930e-02 7.022567e-04
8.572961e-01 6.959242e-01 8.594167e-01 2.509740e-01 2.286820e-02 7.368533e-04
8.643777e-01 6.907297e-01 8.627657e-01 2.546308e-01 2.357153e-02 7.728251e-04
8.714592e-01 6.854992e-01 8.660783e-01 2.583036e-01 2.428942e-02 8.102132e-04
8.785408e-01 6.802330e-01 8.693541e-01 2.619921e-01 2.502199e-02 8.490595e-04
8.856223e-01 6.749314e-01 8.725930e-01 2.656960e-01 2.576937e-02 8.894068e-04
8.927039e-01 6.695946e-01 8.757949e-01 2.694150e-01 2.653170e-02 9.312984e-04
8.997854e-01 6.642231e-01 8.789597e-01 2.731489e-01 2.730909e-02 9.747786e-04
9.068670e-01 6.588169e-01 8.820870e-01 2.768974e-01 2.810166e-02 1.019893e-03
9.139485e-01 6.533766e-01 8.851768e-01 2.806603e-01 2.890954e-02 1.066686e-03
9.210300e-01 6.479023e-01 8.882289e-01 2.844372e-01 2.973284e-02 1.115206e-03
9.281116e-01 6.423943e-01 8.912432e-01 2.882280e-01 3.057169e-02 1.165500e-03
9.351931e-01 6.368530e-01 8.942194e-01 2.920323e-01 3.142619e-02 1.217615e-03
9.422747e-01 6.312786e-01 8.971575e-01 2.958499e-01 3.229645e-02 1.271602e-03
9.493562e-01 6.256714e-01 9.000572e-01 2.996805e-01 3.318260e-02 1.327510e-03
9.564378e-01 6.200318e-01 9.029184e-01 3.035239e-01 3.408472e-02 1.385389e-03
9.635193e-01 6.143601e-01 9.057409e-01 3.073798e-01 3.500295e-02 1.445292e-03
9.706009e-01 6.086565e-01 9.085246e-01 3.112479e-01 3.593736e-02 1.507270e-03
9.776824e-01 6.029214e-01 9.112693e-01 3.151279e-01 3.688808e-02 1.571376e-03
9.847639e-01 5.971550e-01 9.139750e-01 3.190197e-01 3.785519e-02 1.637665e-03
9.918455e-01 5.913578e-01 9.166413e-01 3.229229e-01 3.883880e-02 1.706192e-03
9.989270e-01 5.855299e-01 9.192682e-01 3.268372e-01 3.983900e-02 1.777011e-03
1.006009e+00 5.796717e-01 9.218555e-01 3.307624e-01 4.085589e-02 1.850179e-03
1.013090e+00 5.737836e-01 9.244031e-01 3.346983e-01 4.188955e-02 1.925753e-03
1.020172e+00 5.678658e-01 9.269108e-01 3.386445e-01 4.294007e-02 2.003792e-03
1.027253e+00 5.619187e-01 9.293785e-01 3.426008e-01 4.400755e-02 2.084353e-03
1.034335e+00 5.559426e-01 9.318060e-01 3.465670e-01 4.509206e-02 2.167496e-03
1.041416e+00 5.499377e-01 9.341932e-01 3.505427e-01 4.619369e-02 2.253283e-03
1.048498e+00 5.439045e-01 9.365399e-01 3.545276e-01 4.731252e-02 2.341773e-03
1.055579e+00 5.378432e-01 9.388461e-01 3.585217e-01 4.844862e-02 2.433028e-03
1.062661e+00 5.317542e-01 9.411115e-01 3.625244e-01 4.960207e-02 2.527113e-03
1.069742e+00 5.256378e-01 9.433361e-01 3.665357e-01 5.077295e-02 2.624088e-03
1.076824e+00 5.194943e-01 9.455197e-01 3.705551e-01 5.196132e-02 2.724020e-03
1.083906e+00 5.133241e-01 9.476621e-01 3.745825e-01 5.316725e-02 2.826973e-03
1.090987e+00 5.071274e-01 9.497633e-01 3.786176e-01 5.439081e-02 2.933012e-03
1.098069e+00 5.009046e-01 9.518231e-01 3.826601e-01 5.563207e-02 3.042205e-03
1.105150e+00 4.946561e-01 9.538414e-01 3.867098e-01 5.689108e-02 3.154618e-03
1.112232e+00 4.883821e-01 9.558180e-01 3.907663e-01 5.816790e-02 3.270319e-03
1.119313e+00 4.820830e-01 9.577529e-01 3.948295e-01 5.946259e-02 3.389378e-03
1.126395e+00 4.757592e-01 9.596458e-01 3.988989e-01 6.077520e-02 3.511863e-03
1.133476e+00 4.694109e-01 9.614968e-01 4.029745e-01 6.210579e-02 3.637845e-03
1.140558e+00 4.630386e-01 9.633056e-01 4.070558e-01 6.345441e-02 3.767394e-03
1.147639e+00 4.566425e-01 9.650722e-01 4.111427e-01 6.482110e-02 3.900583e-03
1.154721e+00 4.502230e-01 9.667964e-01 4.152349e-01 6.620591e-02 4.037483e-03
1.161803e+00 4.437804e-01 9.684782e-01 4.193320e-01 6.760888e-02 4.178168e-03
1.168884e+00 4.373150e-01 9.701173e-01 4.234339e-01 6.903006e-02 4.322711e-03
1.175966e+00 4.308273e-01 9.717138e-01 4.275402e-01 7.046947e-02 4.471187e-03
1.183047e+00 4.243175e-01 9.732675e-01 4.316507e-01 7.192716e-02 4.623670e-03
1.190129e+00 4.177861e-01 9.747782e-01 4.357652e-01 7.340315e-02 4.780237e-03
1.197210e+00 4.112332e-01 9.762460e-01 4.398833e-01 7.489749e-02 4.940963e-03
1.204292e+00 4.046593e-01 9.776706e-01 4.440048e-01 7.641019e-02 5.105926e-03
1.211373e+00 3.980648e-01 9.790521e-01 4.481294e-01 7.794130e-02 5.275202e-03
1.218455e+00 3.914500e-01 9.803902e-01 4.522568e-01 7.949082e-02 5.448871e-03
1.225536e+00 3.848151e-01 9.816849e-01 4.563868e-01 8.105878e-02 5.627011e-03
1.232618e+00 3.781607e-01 9.829361e-01 4.605192e-01 8.264520e-02 5.809702e-03
1.239700e+00 3.714870e-01 9.841437e-01 4.646535e-01 8.425010e-02 5.997022e-03
1.246781e+00 3.647943e-01 9.853077e-01 4.687897e-01 8.587349e-02 6.189054e-03
1.253863e+00 3.580831e-01 9.864279e-01 4.729273e-01 8.751539e-02 6.385877e-03
1.260944e+00 3.513536e-01 9.875042e-01 4.770662e-01 8.917580e-02 6.587574e-03
1.268026e+00 3.446063e-01 9.885366e-01 4.812061e-01 9.085474e-02 6.794227e-03
1.275107e+00 3.378415e-01 9.895250e-01 4.853466e-01 9.255221e-02 7.005918e-03
1.282189e+00 3.310595e-01 9.904693e-01 4.894876e-01 9.426821e-02 7.222730e-03
1.289270e+00 3.242607e-01 9.913694e-01 4.936288e-01 9.600275e-02 7.444748e-03
1.296352e+00 3.174454e-01 9.922253e-01 4.977698e-01 9.775582e-02 7.672054e-03
1.303433e+00 3.106141e-01 9.930368e-01 5.019105e-01 9.952742e-02 7.904734e-03
1.310515e+00 3.037670e-01 9.938040e-01 5.060506e-01 1.013176e-01 8.142873e-03
1.317597e+00 2.969046e-01 9.945267e-01 5.101897e-01 1.031262e-01 8.386556e-03
1.324678e+00 2.900271e-01 9.952049e-01 5.143277e-01 1.049534e-01 8.635869e-03
1.331760e+00 2.831350e-01 9.958385e-01 5.184642e-01 1.067990e-01 8.890898e-03
1.338841e+00 2.762285e-01 9.964274e-01 5.225990e-01 1.086631e-01 9.151730e-03
1.345923e+00 2.693081e-01 9.969716e-01 5.267319e-01 1.105458e-01 9.418452e-03
1.353004e+00 2.623742e-01 9.974711e-01 5.308625e-01 1.124468e-01 9.691151e-03
1.360086e+00 2.554270e-01 9.979257e-01 5.349906e-01 1.143663e-01 9.969915e-03
1.367167e+00 2.484670e-01 9.983355e-01 5.391160e-01 1.163042e-01 1.025483e-02
1.374249e+00 2.414945e-01 9.987003e-01 5.432383e-01 1.182605e-01 1.054599e-02
1.381330e+00 2.345098e-01 9.990202e-01 5.473573e-01 1.202351e-01 1.084348e-02
1.388412e+00 2.275134e-01 9.992950e-01 5.514728e-01 1.222280e-01 1.114738e-02
1.395494e+00 2.205056e-01 9.995247e-01 5.555844e-01 1.242393e-01 1.145780e-02
1.402575e+00 2.134868e-01 9.997094e-01 5.596919e-01 1.262688e-01 1.177481e-02
1.409657e+00 2.064572e-01 9.998489e-01 5.637951e-01 1.283166e-01 1.209850e-02
1.416738e+00 1.994174e-01 9.999432e-01 5.678936e-01 1.303825e-01 1.242898e-02
1.423820e+00 1.923676e-01 9.999923e-01 5.719873e-01 1.324666e-01 1.276632e-02
1.430901e+00 1.853083e-01 9.999961e-01 5.760758e-01 1.345688e-01 1.311061e-02
1.437983e+00 1.782397e-01 9.999546e-01 5.801588e-01 1.366891e-01 1.346195e-02
1.445064e+00 1.711623e-01 9.998678e-01 5.842363e-01 1.388274e-01 1.382043e-02
1.452146e+00 1.640764e-01 9.997357e-01 5.883077e-01 1.409837e-01 1.418614e-02
1.459227e+00 1.569824e-01 9.995582e-01 5.923730e-01 1.431579e-01 1.455916e-02
1.466309e+00 1.498807e-01 9.993353e-01 5.964318e-01 1.453500e-01 1.493960e-02
1.473391e+00 1.427715e-01 9.990670e-01 6.004839e-01 1.475599e-01 1.532753e-02
1.480472e+00 1.356554e-01 9.987533e-01 6.045290e-01 1.497876e-01 1.572305e-02
1.487554e+00 1.285326e-01 9.983941e-01 6.085668e-01 1.520330e-01 1.612625e-02
1.494635e+00 1.214036e-01 9.979895e-01 6.125972e-01 1.542961e-01 1.653723e-02
1.501717e+00 1.142687e-01 9.975394e-01 6.166197e-01 1.565767e-01 1.695606e-02
1.508798e+00 1.071282e-01 9.970438e-01 6.206343e-01 1.588749e-01 1.738285e-02
1.515880e+00 9.998257e-02 9.965028e-01 6.246405e-01 1.611906e-01 1.781769e-02
1.522961e+00 9.283214e-02 9.959162e-01 6.286383e-01 1.635237e-01 1.826065e-02
1.530043e+00 8.567728e-02 9.952842e-01 6.326272e-01 1.658741e-01 1.871184e-02
1.537124e+00 7.851837e-02 9.946067e-01 6.366070e-01 1.682418e-01 1.917135e-02
1.544206e+00 7.135577e-02 9.938836e-01 6.405775e-01 1.706268e-01 1.963926e-02
1.551288e+00 6.418985e-02 9.931152e-01 6.445385e-01 1.730288e-01 2.011566e-02
1.558369e+00 5.702098e-02 9.923012e-01 6.484896e-01 1.754479e-01 2.060065e-02
1.565451e+00 4.984953e-02 9.914418e-01 6.524306e-01 1.778840e-01 2.109432e-02
1.572532e+00 4.267588e-02 9.905369e-01 6.563613e-01 1.803370e-01 2.159674e-02
1.579614e+00 3.550038e-02 9.895866e-01 6.602814e-01 1.828068e-01 2.210803e-02
1.586695e+00 2.832341e-02 9.885909e-01 6.641906e-01 1.852933e-01 2.262825e-02
1.593777e+00 2.114534e-02 9.875498e-01 6.680888e-01 1.877966e-01 2.315750e-02
1.600858e+00 1.396654e-02 9.864633e-01 6.719755e-01 1.903164e-01 2.369588e-02
1.607940e+00 6.787377e-03 9.853314e-01 6.758507e-01 1.928526e-01 2.424346e-02
1.615021e+00 3.917803e-04 9.841542e-01 6.797140e-01 1.954053e-01 2.480033e-02
1.622103e+00 7.570562e-03 9.829318e-01 6.835651e-01 1.979744e-01 2.536659e-02
1.629185e+00 1.474860e-02 9.816640e-01 6.874039e-01 2.005596e-01 2.594232e-02
1.636266e+00 2.192552e-02 9.803510e-01 6.912301e-01 2.031610e-01 2.652760e-02
1.643348e+00 2.910096e-02 9.789928e-01 6.950434e-01 2.057784e-01 2.712253e-02
1.650429e+00 3.627455e-02 9.775895e-01 6.988435e-01 2.084117e-01 2.772719e-02
1.657511e+00 4.344593e-02 9.761410e-01 7.026303e-01 2.110609e-01 2.834166e-02
1.664592e+00 5.061471e-02 9.746474e-01 7.064035e-01 2.137259e-01 2.896603e-02
1.671674e+00 5.778054e-02 9.731088e-01 7.101628e-01 2.164065e-01 2.960038e-02
1.678755e+00 6.494305e-02 9.715253e-01 7.139081e-01 2.191027e-01 3.024480e-02
1.685837e+00 7.210187e-02 9.698967e-01 7.176389e-01 2.218143e-01 3.089937e-02
1.692918e+00 7.925663e-02 9.682233e-01 7.213551e-01 2.245412e-01 3.156418e-02
1.700000e+00 8.640697e-02 9.665051e-01 7.250565e-01 2.272834e-01 3.223930e-02
1.707082e+00 9.355251e-02 9.647420e-01 7.287428e-01 2.300408e-01 3.292482e-02
1.714163e+00 1.006929e-01 9.629343e-01 7.324138e-01 2.328131e-01 3.362082e-02
1.721245e+00 1.078278e-01 9.610819e-01 7.360692e-01 2.356004e-01 3.432739e-02
1.728326e+00 1.149568e-01 9.591848e-01 7.397087e-01 2.384025e-01 3.504459e-02
1.735408e+00 1.220795e-01 9.572433e-01 7.433322e-01 2.412192e-01 3.577252e-02
1.742489e+00 1.291956e-01 9.552573e-01 7.469394e-01 2.440506e-01 3.651124e-02
1.749571e+00 1.363047e-01 9.532269e-01 7.505301e-01 2.468964e-01 3.726084e-02
1.756652e+00 1.434065e-01 9.511521e-01 7.541039e-01 2.497565e-01 3.802140e-02
1.763734e+00 1.505006e-01 9.490332e-01 7.576608e-01 2.526309e-01 3.879299e-02
1.770815e+00 1.575866e-01 9.468700e-01 7.612003e-01 2.555194e-01 3.957569e-02
1.777897e+00 1.646642e-01 9.446627e-01 7.647224e-01 2.584218e-01 4.036957e-02
1.784979e+00 1.717330e-01 9.424115e-01 7.682268e-01 2.613382e-01 4.117471e-02
1.792060e+00 1.787926e-01 9.401163e-01 7.717131e-01 2.642683e-01 4.199118e-02
1.799142e+00 1.858428e-01 9.377772e-01 7.751813e-01 2.672120e-01 4.281906e-02
1.806223e+00 1.928830e-01 9.353944e-01 7.786311e-01 2.701692e-01 4.365842e-02
1.813305e+00 1.999130e-01 9.329680e-01 7.820621e-01 2.731398e-01 4.450933e-02
1.820386e+00 2.069324e-01 9.304979e-01 7.854743e-01 2.761236e-01 4.537185e-02
1.827468e+00 2.139409e-01 9.279844e-01 7.888673e-01 2.791205e-01 4.624607e-02
1.834549e+00 2.209381e-01 9.254275e-01 7.922410e-01 2.821304e-01 4.713205e-02
1.841631e+00 2.279235e-01 9.228274e-01 7.955951e-01 2.851532e-01 4.802986e-02
1.848712e+00 2.348970e-01 9.201840e-01 7.989294e-01 2.881886e-01 4.893956e-02
1.855794e+00 2.418581e-01 9.174976e-01 8.022436e-01 2.912367e-01 4.986122e-02
1.862876e+00 2.488065e-01 9.147681e-01 8.055375e-01 2.942972e-01 5.079492e-02
1.869957e+00 2.557417e-01 9.119959e-01 8.088110e-01 2.973700e-01 5.174070e-02
1.877039e+00 2.626636e-01 9.091808e-01 8.120637e-01 3.004550e-01 5.269865e-02
1.884120e+00 2.695716e-01 9.063232e-01 8.152955e-01 3.035521e-01 5.366881e-02
1.891202e+00 2.764655e-01 9.034230e-01 8.185061e-01 3.066610e-01 5.465125e-02
1.898283e+00 2.833449e-01 9.004804e-01 8.216953e-01 3.097817e-01 5.564604e-02
1.905365e+00 2.902095e-01 8.974955e-01 8.248629e-01 3.129140e-01 5.665323e-02
1.912446e+00 2.970588e-01 8.944684e-01 8.280087e-01 3.160578e-01 5.767288e-02
1.919528e+00 3.038926e-01 8.913993e-01 8.311324e-01 3.192130e-01 5.870505e-02
1.926609e+00 3.107106e-01 8.882883e-01 8.342339e-01 3.223793e-01 5.974980e-02
1.933691e+00 3.175122e-01 8.851355e-01 8.373128e-01 3.255566e-01 6.080719e-02
1.940773e+00 3.242974e-01 8.819410e-01 8.403691e-01 3.287449e-01 6.187726e-02
1.947854e+00 3.310655e-01 8.787050e-01 8.434025e-01 3.319439e-01 6.296007e-02
1.954936e+00 3.378164e-01 8.754276e-01 8.464127e-01 3.351535e-01 6.405569e-02
1.962017e+00 3.445497e-01 8.721089e-01 8.493996e-01 3.383735e-01 6.516415e-02
1.969099e+00 3.512650e-01 8.687492e-01 8.523629e-01 3.416039e-01 6.628550e-02
1.976180e+00 3.579621e-01 8.653484e-01 8.553025e-01 3.448444e-01 6.741981e-02
1.983262e+00 3.646405e-01 8.619068e-01 8.582181e-01 3.480949e-01 6.856712e-02
1.990343e+00 3.712999e-01 8.584246e-01 8.611096e-01 3.513552e-01 6.972747e-02
1.997425e+00 3.779400e-01 8.549018e-01 8.639766e-01 3.546252e-01 7.090092e-02
2.004506e+00 3.845604e-01 8.513385e-01 8.668191e-01 3.579048e-01 7.208750e-02
2.011588e+00 3.911609e-01 8.477351e-01 8.696367e-01 3.611937e-01 7.328727e-02
2.018670e+00 3.977410e-01 8.440916e-01 8.724294e-01 3.644918e-01 7.450027e-02
2.025751e+00 4.043005e-01 8.404081e-01 8.751968e-01 3.677990e-01 7.572653e-02
2.032833e+00 4.108390e-01 8.366849e-01 8.779389e-01 3.711152e-01 7.696610e-02
2.039914e+00 4.173561e-01 8.329220e-01 8.806553e-01 3.744400e-01 7.821903e-02
2.046996e+00 4.238516e-01 8.291197e-01 8.833460e-01 3.777734e-01 7.948534e-02
2.054077e+00 4.303252e-01 8.252781e-01 8.860106e-01 3.811153e-01 8.076508e-02
2.061159e+00 4.367764e-01 8.213974e-01 8.886491e-01 3.844654e-01 8.205828e-02
2.068240e+00 4.432050e-01 8.174777e-01 8.912612e-01 3.878236e-01 8.336499e-02
2.075322e+00 4.496106e-01 8.135193e-01 8.938467e-01 3.911898e-01 8.468522e-02
2.082403e+00 4.559929e-01 8.095222e-01 8.964054e-01 3.945637e-01 8.601903e-02
2.089485e+00 4.623516e-01 8.054868e-01 8.989371e-01 3.979452e-01 8.736643e-02
2.096567e+00 4.686864e-01 8.014130e-01 9.014417e-01 4.013341e-01 8.872747e-02
2.103648e+00 4.749969e-01 7.973012e-01 9.039189e-01 4.047304e-01 9.010216e-02
2.110730e+00 4.812829e-01 7.931514e-01 9.063686e-01 4.081337e-01 9.149054e-02
2.117811e+00 4.875440e-01 7.889640e-01 9.087906e-01 4.115439e-01 9.289264e-02
2.124893e+00 4.937798e-01 7.847390e-01 9.111847e-01 4.149609e-01 9.430848e-02
2.131974e+00 4.999902e-01 7.804767e-01 9.135507e-01 4.183846e-01 9.573809e-02
2.139056e+00 5.061747e-01 7.761772e-01 9.158884e-01 4.218146e-01 9.718148e-02
2.146137e+00 5.123330e-01 7.718407e-01 9.181977e-01 4.252509e-01 9.863869e-02
2.153219e+00 5.184649e-01 7.674675e-01 9.204783e-01 4.286932e-01 1.001097e-01
2.160300e+00 5.245700e-01 7.630576e-01 9.227301e-01 4.321415e-01 1.015946e-01
2.167382e+00 5.306481e-01 7.586114e-01 9.249530e-01 4.355955e-01 1.030934e-01
2.174464e+00 5.366987e-01 7.541290e-01 9.271467e-01 4.390551e-01 1.046061e-01
2.181545e+00 5.427217e-01 7.496106e-01 9.293110e-01 4.425200e-01 1.061327e-01
2.188627e+00 5.487166e-01 7.450565e-01 9.314458e-01 4.459902e-01 1.076732e-01
2.195708e+00 5.546833e-01 7.404667e-01 9.335510e-01 4.494654e-01 1.092276e-01
2.202790e+00 5.606214e-01 7.358416e-01 9.356263e-01 4.529454e-01 1.107960e-01
2.209871e+00 5.665305e-01 7.311813e-01 9.376716e-01 4.564301e-01 1.123783e-01
2.216953e+00 5.724105e-01 7.264860e-01 9.396867e-01 4.599194e-01 1.139747e-01
2.224034e+00 5.782609e-01 7.217560e-01 9.416714e-01 4.634129e-01 1.155850e-01
2.231116e+00 5.840816e-01 7.169914e-01 9.436257e-01 4.669106e-01 1.172093e-01
2.238197e+00 5.898722e-01 7.121925e-01 9.455492e-01 4.704123e-01 1.188476e-01
2.245279e+00 5.956324e-01 7.073595e-01 9.474420e-01 4.739177e-01 1.204999e-01
2.252361e+00 6.013620e-01 7.024927e-01 9.493037e-01 4.774268e-01 1.221662e-01
2.259442e+00 6.070605e-01 6.975921e-01 9.511342e-01 4.809392e-01 1.238465e-01
2.266524e+00 6.127279e-01 6.926581e-01 9.529335e-01 4.844549e-01 1.255408e-01
2.273605e+00 6.183637e-01 6.876909e-01 9.547013e-01 4.879737e-01 1.272491e-01
2.280687e+00 6.239677e-01 6.826907e-01 9.564374e-01 4.914954e-01 1.289715e-01
2.287768e+00 6.295396e-01 6.776577e-01 9.581418e-01 4.950197e-01 1.307079e-01
2.294850e+00 6.350791e-01 6.725922e-01 9.598143e-01 4.985465e-01 1.324582e-01
2.301931e+00 6.405860e-01 6.674944e-01 9.614546e-01 5.020757e-01 1.342226e-01
2.309013e+00 6.460599e-01 6.623645e-01 9.630628e-01 5.056070e-01 1.360010e-01
2.316094e+00 6.515006e-01 6.572027e-01 9.646386e-01 5.091403e-01 1.377934e-01
2.323176e+00 6.569079e-01 6.520094e-01 9.661819e-01 5.126753e-01 1.395997e-01
2.330258e+00 6.622813e-01 6.467847e-01 9.676925e-01 5.162119e-01 1.414201e-01
2.337339e+00 6.676208e-01 6.415288e-01 9.691703e-01 5.197499e-01 1.432544e-01
2.344421e+00 6.729260e-01 6.362421e-01 9.706152e-01 5.232891e-01 1.451026e-01
2.351502e+00 6.781966e-01 6.309247e-01 9.720270e-01 5.268293e-01 1.469648e-01
2.358584e+00 6.834323e-01 6.255769e-01 9.734056e-01 5.303704e-01 1.488409e-01
2.365665e+00 6.886330e-01 6.201990e-01 9.747508e-01 5.339121e-01 1.507310e-01
2.372747e+00 6.937984e-01 6.147911e-01 9.760626e-01 5.374542e-01 1.526349e-01
2.379828e+00 6.989281e-01 6.093536e-01 9.773407e-01 5.409966e-01 1.545527e-01
2.386910e+00 7.040219e-01 6.038867e-01 9.785851e-01 5.445391e-01 1.564844e-01
2.393991e+00 7.090796e-01 5.983906e-01 9.797957e-01 5.480815e-01 1.584299e-01
2.401073e+00 7.141010e-01 5.928656e-01 9.809722e-01 5.516236e-01 1.603892e-01
2.408155e+00 7.190857e-01 5.873120e-01 9.821146e-01 5.551652e-01 1.623624e-01
2.415236e+00 7.240335e-01 5.817300e-01 9.832227e-01 5.587060e-01 1.643493e-01
2.422318e+00 7.289442e-01 5.761198e-01 9.842965e-01 5.622461e-01 1.663499e-01
2.429399e+00 7.338176e-01 5.704818e-01 9.853358e-01 5.657850e-01 1.683643e-01
2.436481e+00 7.386533e-01 5.648162e-01 9.863405e-01 5.693227e-01 1.703924e-01
2.443562e+00 7.434511e-01 5.591232e-01 9.873104e-01 5.728589e-01 1.724341e-01
2.450644e+00 7.482108e-01 5.534031e-01 9.882456e-01 5.763935e-01 1.744895e-01
2.457725e+00 7.529322e-01 5.476562e-01 9.891457e-01 5.799262e-01 1.765585e-01
2.464807e+00 7.576150e-01 5.418828e-01 9.900108e-01 5.834570e-01 1.786410e-01
2.471888e+00 7.622590e-01 5.360831e-01 9.908407e-01 5.869854e-01 1.807372e-01
2.478970e+00 7.668639e-01 5.302573e-01 9.916353e-01 5.905115e-01 1.828468e-01
2.486052e+00 7.714296e-01 5.244059e-01 9.923946e-01 5.940350e-01 1.849699e-01
2.493133e+00 7.759557e-01 5.185289e-01 9.931183e-01 5.975556e-01 1.871064e-01
2.500215e+00 7.804421e-01 5.126268e-01 9.938064e-01 6.010733e-01 1.892563e-01
2.507296e+00 7.848886e-01 5.066997e-01 9.944589e-01 6.045877e-01 1.914196e-01
2.514378e+00 7.892949e-01 5.007480e-01 9.950755e-01 6.080988e-01 1.935963e-01
2.521459e+00 7.936607e-01 4.947720e-01 9.956562e-01 6.116063e-01 1.957862e-01
2.528541e+00 7.979860e-01 4.887719e-01 9.962009e-01 6.151100e-01 1.979893e-01
2.535622e+00 8.022704e-01 4.827479e-01 9.967096e-01 6.186097e-01 2.002056e-01
2.542704e+00 8.065137e-01 4.767005e-01 9.971820e-01 6.221053e-01 2.024351e-01
2.549785e+00 8.107158e-01 4.706298e-01 9.976182e-01 6.255964e-01 2.046777e-01
2.556867e+00 8.148764e-01 4.645361e-01 9.980180e-01 6.290831e-01 2.069334e-01
2.563948e+00 8.189953e-01 4.584198e-01 9.983814e-01 6.325649e-01 2.092021e-01
2.571030e+00 8.230724e-01 4.522811e-01 9.987082e-01 6.360419e-01 2.114837e-01
2.578112e+00 8.271073e-01 4.461204e-01 9.989984e-01 6.395136e-01 2.137783e-01
2.585193e+00 8.310999e-01 4.399378e-01 9.992519e-01 6.429801e-01 2.160857e-01
2.592275e+00 8.350501e-01 4.337337e-01 9.994686e-01 6.464410e-01 2.184059e-01
2.599356e+00 8.389575e-01 4.275084e-01 9.996484e-01 6.498961e-01 2.207389e-01
2.606438e+00 8.428221e-01 4.212622e-01 9.997914e-01 6.533453e-01 2.230845e-01
2.613519e+00 8.466436e-01 4.149954e-01 9.998972e-01 6.567884e-01 2.254429e-01
2.620601e+00 8.504218e-01 4.087082e-01 9.999661e-01 6.602252e-01 2.278138e-01
2.627682e+00 8.541565e-01 4.024010e-01 9.999977e-01 6.636554e-01 2.301973e-01
2.634764e+00 8.578476e-01 3.960740e-01 9.999921e-01 6.670789e-01 2.325932e-01
2.641845e+00 8.614949e-01 3.897276e-01 9.999493e-01 6.704955e-01 2.350015e-01
2.648927e+00 8.650982e-01 3.833621e-01 9.998690e-01 6.739050e-01 2.374222e-01
2.656009e+00 8.686572e-01 3.769777e-01 9.997514e-01 6.773072e-01 2.398552e-01
2.663090e+00 8.721719e-01 3.705748e-01 9.995963e-01 6.807018e-01 2.423004e-01
2.670172e+00 8.756421e-01 3.641537e-01 9.994036e-01 6.840888e-01 2.447578e-01
2.677253e+00 8.790675e-01 3.577146e-01 9.991733e-01 6.874679e-01 2.472273e-01
2.684335e+00 8.824481e-01 3.512579e-01 9.989054e-01 6.908389e-01 2.497088e-01
2.691416e+00 8.857835e-01 3.447839e-01 9.985997e-01 6.942016e-01 2.522023e-01
2.698498e+00 8.890738e-01 3.382929e-01 9.982563e-01 6.975558e-01 2.547077e-01
2.705579e+00 8.923187e-01 3.317852e-01 9.978751e-01 7.009013e-01 2.572249e-01
2.712661e+00 8.955180e-01 3.252611e-01 9.974560e-01 7.042379e-01 2.597539e-01
2.719742e+00 8.986716e-01 3.187209e-01 9.969989e-01 7.075655e-01 2.622946e-01
2.726824e+00 9.017794e-01 3.121650e-01 9.965040e-01 7.108837e-01 2.648469e-01
2.733906e+00 9.048411e-01 3.055935e-01 9.959710e-01 7.141926e-01 2.674107e-01
2.740987e+00 9.078567e-01 2.990070e-01 9.954000e-01 7.174917e-01 2.699860e-01
2.748069e+00 9.108260e-01 2.924056e-01 9.947909e-01 7.207810e-01 2.725727e-01
2.755150e+00 9.137487e-01 2.857897e-01 9.941437e-01 7.240602e-01 2.751707e-01
2.762232e+00 9.166249e-01 2.791595e-01 9.934584e-01 7.273292e-01 2.777799e-01
2.769313e+00 9.194543e-01 2.725155e-01 9.927348e-01 7.305878e-01 2.804004e-01
2.776395e+00 9.222369e-01 2.658579e-01 9.919730e-01 7.338357e-01 2.830318e-01
2.783476e+00 9.249723e-01 2.591871e-01 9.911730e-01 7.370727e-01 2.856743e-01
2.790558e+00 9.276607e-01 2.525033e-01 9.903348e-01 7.402988e-01 2.883278e-01
2.797639e+00 9.303017e-01 2.458069e-01 9.894582e-01 7.435136e-01 2.909920e-01
2.804721e+00 9.328953e-01 2.390983e-01 9.885433e-01 7.467170e-01 2.936670e-01
2.811803e+00 9.354413e-01 2.323776e-01 9.875900e-01 7.499088e-01 2.963527e-01
2.818884e+00 9.379396e-01 2.256453e-01 9.865984e-01 7.530887e-01 2.990490e-01
2.825966e+00 9.403901e-01 2.189016e-01 9.855684e-01 7.562567e-01 3.017558e-01
2.833047e+00 9.427927e-01 2.121470e-01 9.845000e-01 7.594125e-01 3.044730e-01
2.840129e+00 9.451473e-01 2.053816e-01 9.833932e-01 7.625559e-01 3.072005e-01
2.847210e+00 9.474537e-01 1.986059e-01 9.822479e-01 7.656867e-01 3.099383e-01
2.854292e+00 9.497118e-01 1.918202e-01 9.810643e-01 7.688047e-01 3.126862e-01
2.861373e+00 9.519215e-01 1.850247e-01 9.798421e-01 7.719098e-01 3.154441e-01
2.868455e+00 9.540827e-01 1.782199e-01 9.785816e-01 7.750017e-01 3.182121e-01
2.875536e+00 9.561953e-01 1.714060e-01 9.772825e-01 7.780803e-01 3.209899e-01
2.882618e+00 9.582592e-01 1.645834e-01 9.759451e-01 7.811453e-01 3.237775e-01
2.889700e+00 9.602742e-01 1.577523e-01 9.745691e-01 7.841966e-01 3.265748e-01
2.896781e+00 9.622404e-01 1.509132e-01 9.731547e-01 7.872340e-01 3.293816e-01
2.903863e+00 9.641576e-01 1.440663e-01 9.717019e-01 7.902572e-01 3.321980e-01
2.910944e+00 9.660256e-01 1.372120e-01 9.702106e-01 7.932662e-01 3.350238e-01
2.918026e+00 9.678445e-01 1.303507e-01 9.686808e-01 7.962607e-01 3.378588e-01
2.925107e+00 9.696141e-01 1.234825e-01 9.671126e-01 7.992405e-01 3.407031e-01
2.932189e+00 9.713343e-01 1.166079e-01 9.655060e-01 8.022054e-01 3.435565e-01
2.939270e+00 9.730051e-01 1.097273e-01 9.638610e-01 8.051553e-01 3.464189e-01
2.946352e+00 9.746263e-01 1.028408e-01 9.621777e-01 8.080899e-01 3.492901e-01
2.953433e+00 9.761979e-01 9.594895e-02 9.604559e-01 8.110091e-01 3.521702e-01
2.960515e+00 9.777199e-01 8.905196e-02 9.586958e-01 8.139126e-01 3.550590e-01
2.967597e+00 9.791921e-01 8.215020e-02 9.568973e-01 8.168004e-01 3.579564e-01
2.974678e+00 9.806144e-01 7.524400e-02 9.550605e-01 8.196722e-01 3.608623e-01
2.981760e+00 9.819868e-01 6.833369e-02 9.531855e-01 8.225278e-01 3.637765e-01
2.988841e+00 9.833093e-01 6.141960e-02 9.512722e-01 8.253670e-01 3.666990e-01
2.995923e+00 9.845817e-01 5.450208e-02 9.493206e-01 8.281897e-01 3.696297e-01
3.003004e+00 9.858041e-01 4.758145e-02 9.473309e-01 8.309956e-01 3.725685e-01
3.010086e+00 9.869763e-01 4.065804e-02 9.453030e-01 8.337846e-01 3.755152e-01
3.017167e+00 9.880982e-01 3.373220e-02 9.432370e-01 8.365566e-01 3.784698e-01
3.024249e+00 9.891700e-01 2.680425e-02 9.411328e-01 8.393112e-01 3.814321e-01
3.031330e+00 9.901914e-01 1.987453e-02 9.389906e-01 8.420484e-01 3.844020e-01
3.038412e+00 9.911624e-01 1.294338e-02 9.368104e-01 8.447679e-01 3.873795e-01
3.045494e+00 9.920830e-01 6.011128e-03 9.345922e-01 8.474696e-01 3.903643e-01
3.052575e+00 9.929532e-01 9.218871e-04 9.323361e-01 8.501533e-01 3.933564e-01
3.059657e+00 9.937729e-01 7.855331e-03 9.300422e-01 8.528188e-01 3.963557e-01
3.066738e+00 9.945420e-01 1.478887e-02 9.277103e-01 8.554659e-01 3.993621e-01
3.073820e+00 9.952606e-01 2.172216e-02 9.253407e-01 8.580945e-01 4.023754e-01
3.080901e+00 9.959286e-01 2.865488e-02 9.229334e-01 8.607043e-01 4.053955e-01
3.087983e+00 9.965459e-01 3.558668e-02 9.204884e-01 8.632953e-01 4.084224e-01
3.095064e+00 9.971126e-01 4.251724e-02 9.180058e-01 8.658672e-01 4.114558e-01
3.102146e+00 9.976286e-01 4.944620e-02 9.154856e-01 8.684198e-01 4.144957e-01
3.109227e+00 9.980939e-01 5.637325e-02 9.129279e-01 8.709529e-01 4.175420e-01
3.116309e+00 9.985085e-01 6.329804e-02 9.103328e-01 8.734665e-01 4.205945e-01
3.123391e+00 9.988723e-01 7.022023e-02 9.077003e-01 8.759603e-01 4.236531e-01
3.130472e+00 9.991854e-01 7.713950e-02 9.050305e-01 8.784341e-01 4.267177e-01
3.137554e+00 9.994476e-01 8.405550e-02 9.023234e-01 8.808878e-01 4.297882e-01
3.144635e+00 9.996591e-01 9.096790e-02 8.995792e-01 8.833212e-01 4.328644e-01
3.151717e+00 9.998198e-01 9.787636e-02 8.967979e-01 8.857341e-01 4.359463e-01
3.158798e+00 9.999297e-01 1.047806e-01 8.939796e-01 8.881264e-01 4.390337e-01
3.165880e+00 9.999888e-01 1.116801e-01 8.911243e-01 8.904978e-01 4.421264e-01
3.172961e+00 9.999971e-01 1.185748e-01 8.882321e-01 8.928483e-01 4.452244e-01
3.180043e+00 9.999546e-01 1.254641e-01 8.853032e-01 8.951776e-01 4.483275e-01
3.187124e+00 9.998613e-01 1.323479e-01 8.823375e-01 8.974855e-01 4.514356e-01
3.194206e+00 9.997172e-01 1.392257e-01 8.793353e-01 8.997720e-01 4.545486e-01
3.201288e+00 9.995224e-01 1.460972e-01 8.762964e-01 9.020368e-01 4.576663e-01
3.208369e+00 9.992768e-01 1.529621e-01 8.732212e-01 9.042798e-01 4.607886e-01
3.215451e+00 9.989804e-01 1.598201e-01 8.701095e-01 9.065009e-01 4.639155e-01
3.222532e+00 9.986333e-01 1.666707e-01 8.669616e-01 9.086997e-01 4.670466e-01
3.229614e+00 9.982355e-01 1.735138e-01 8.637775e-01 9.108762e-01 4.701820e-01
3.236695e+00 9.977870e-01 1.803489e-01 8.605574e-01 9.130303e-01 4.733215e-01
3.243777e+00 9.972879e-01 1.871757e-01 8.573012e-01 9.151617e-01 4.764650e-01
3.250858e+00 9.967381e-01 1.939939e-01 8.540092e-01 9.172703e-01 4.796123e-01
3.257940e+00 9.961377e-01 2.008031e-01 8.506813e-01 9.193560e-01 4.827633e-01
3.265021e+00 9.954867e-01 2.076031e-01 8.473178e-01 9.214185e-01 4.859178e-01
3.272103e+00 9.947853e-01 2.143935e-01 8.439187e-01 9.234577e-01 4.890758e-01
3.279185e+00 9.940333e-01 2.211739e-01 8.404841e-01 9.254735e-01 4.922371e-01
3.286266e+00 9.932308e-01 2.279440e-01 8.370142e-01 9.274657e-01 4.954015e-01
3.293348e+00 9.923780e-01 2.347035e-01 8.335090e-01 9.294341e-01 4.985689e-01
3.300429e+00 9.914748e-01 2.414521e-01 8.299687e-01 9.313787e-01 5.017393e-01
3.307511e+00 9.905213e-01 2.481894e-01 8.263933e-01 9.332991e-01 5.049124e-01
3.314592e+00 9.895175e-01 2.549151e-01 8.227830e-01 9.351954e-01 5.080881e-01
3.321674e+00 9.884635e-01 2.616289e-01 8.191380e-01 9.370673e-01 5.112663e-01
3.328755e+00 9.873593e-01 2.683305e-01 8.154582e-01 9.389146e-01 5.144468e-01
3.335837e+00 9.862051e-01 2.750195e-01 8.117439e-01 9.407373e-01 5.176295e-01
3.342918e+00 9.850008e-01 2.816955e-01 8.079952e-01 9.425352e-01 5.208142e-01
3.350000e+00 9.837466e-01 2.883583e-01 8.042121e-01 9.443081e-01 5.240009e-01
3.357082e+00 9.824424e-01 2.950076e-01 8.003949e-01 9.460559e-01 5.271894e-01
3.364163e+00 9.810884e-01 3.016430e-01 7.965436e-01 9.477784e-01 5.303795e-01
3.371245e+00 9.796846e-01 3.082642e-01 7.926584e-01 9.494755e-01 5.335711e-01
3.378326e+00 9.782312e-01 3.148708e-01 7.887394e-01 9.511470e-01 5.367640e-01
3.385408e+00 9.767281e-01 3.214626e-01 7.847867e-01 9.527929e-01 5.399582e-01
3.392489e+00 9.751755e-01 3.280392e-01 7.808006e-01 9.544129e-01 5.431534e-01
3.399571e+00 9.735735e-01 3.346003e-01 7.767810e-01 9.560069e-01 5.463495e-01
3.406652e+00 9.719220e-01 3.411456e-01 7.727282e-01 9.575748e-01 5.495464e-01
3.413734e+00 9.702213e-01 3.476748e-01 7.686423e-01 9.591164e-01 5.527440e-01
3.420815e+00 9.684714e-01 3.541874e-01 7.645235e-01 9.606316e-01 5.559420e-01
3.427897e+00 9.666724e-01 3.606833e-01 7.603718e-01 9.621203e-01 5.591404e-01
3.434979e+00 9.648244e-01 3.671621e-01 7.561875e-01 9.635823e-01 5.623390e-01
3.442060e+00 9.629274e-01 3.736235e-01 7.519706e-01 9.650175e-01 5.655376e-01
3.449142e+00 9.609817e-01 3.800671e-01 7.477214e-01 9.664257e-01 5.687362e-01
3.456223e+00 9.589872e-01 3.864927e-01 7.434399e-01 9.678069e-01 5.719345e-01
3.463305e+00 9.569441e-01 3.929000e-01 7.391264e-01 9.691608e-01 5.751324e-01
3.470386e+00 9.548525e-01 3.992885e-01 7.347810e-01 9.704874e-01 5.783297e-01
3.477468e+00 9.527125e-01 4.056580e-01 7.304039e-01 9.717866e-01 5.815264e-01
3.484549e+00 9.505242e-01 4.120083e-01 7.259951e-01 9.730581e-01 5.847223e-01
3.491631e+00 9.482878e-01 4.183389e-01 7.215549e-01 9.743019e-01 5.879171e-01
3.498712e+00 9.460032e-01 4.246495e-01 7.170835e-01 9.755178e-01 5.911109e-01
3.505794e+00 9.436708e-01 4.309400e-01 7.125809e-01 9.767057e-01 5.943033e-01
3.512876e+00 9.412905e-01 4.372099e-01 7.080474e-01 9.778655e-01 5.974943e-01
3.519957e+00 9.388625e-01 4.434589e-01 7.034832e-01 9.789971e-01 6.006838e-01
3.527039e+00 9.363870e-01 4.496867e-01 6.988883e-01 9.801004e-01 6.038715e-01
3.534120e+00 9.338640e-01 4.558931e-01 6.942630e-01 9.811751e-01 6.070573e-01
3.541202e+00 9.312937e-01 4.620777e-01 6.896074e-01 9.822213e-01 6.102411e-01
3.548283e+00 9.286762e-01 4.682403e-01 6.849218e-01 9.832387e-01 6.134227e-01
3.555365e+00 9.260117e-01 4.743804e-01 6.802062e-01 9.842274e-01 6.166019e-01
3.562446e+00 9.233002e-01 4.804978e-01 6.754609e-01 9.851870e-01 6.197787e-01
3.569528e+00 9.205420e-01 4.865923e-01 6.706861e-01 9.861176e-01 6.229528e-01
3.576609e+00 9.177372e-01 4.926635e-01 6.658818e-01 9.870190e-01 6.261241e-01
3.583691e+00 9.148858e-01 4.987110e-01 6.610484e-01 9.878911e-01 6.292925e-01
3.590773e+00 9.119882e-01 5.047347e-01 6.561860e-01 9.887339e-01 6.324578e-01
3.597854e+00 9.090443e-01 5.107342e-01 6.512948e-01 9.895471e-01 6.356198e-01
3.604936e+00 9.060544e-01 5.167093e-01 6.463749e-01 9.903307e-01 6.387783e-01
3.612017e+00 9.030186e-01 5.226595e-01 6.414266e-01 9.910845e-01 6.419334e-01
3.619099e+00 8.999371e-01 5.285847e-01 6.364500e-01 9.918085e-01 6.450847e-01
3.626180e+00 8.968100e-01 5.344845e-01 6.314453e-01 9.925026e-01 6.482321e-01
3.633262e+00 8.936375e-01 5.403587e-01 6.264128e-01 9.931666e-01 6.513755e-01
3.640343e+00 8.904198e-01 5.462069e-01 6.213526e-01 9.938005e-01 6.545147e-01
3.647425e+00 8.871570e-01 5.520289e-01 6.162650e-01 9.944041e-01 6.576495e-01
3.654506e+00 8.838492e-01 5.578244e-01 6.111500e-01 9.949774e-01 6.607799e-01
3.661588e+00 8.804967e-01 5.635931e-01 6.060080e-01 9.955202e-01 6.639056e-01
3.668670e+00 8.770997e-01 5.693347e-01 6.008391e-01 9.960325e-01 6.670265e-01
3.675751e+00 8.736582e-01 5.750489e-01 5.956435e-01 9.965141e-01 6.701424e-01
3.682833e+00 8.701725e-01 5.807354e-01 5.904214e-01 9.969650e-01 6.732532e-01
3.689914e+00 8.666428e-01 5.863941e-01 5.851730e-01 9.973850e-01 6.763587e-01
3.696996e+00 8.630692e-01 5.920245e-01 5.798986e-01 9.977741e-01 6.794588e-01
3.704077e+00 8.594519e-01 5.976264e-01 5.745984e-01 9.981323e-01 6.825532e-01
3.711159e+00 8.557911e-01 6.031996e-01 5.692725e-01 9.984593e-01 6.856420e-01
3.718240e+00 8.520870e-01 6.087437e-01 5.639211e-01 9.987551e-01 6.887248e-01
3.725322e+00 8.483398e-01 6.142584e-01 5.585446e-01 9.990196e-01 6.918015e-01
3.732403e+00 8.445497e-01 6.197436e-01 5.531430e-01 9.992528e-01 6.948720e-01
3.739485e+00 8.407168e-01 6.251989e-01 5.477167e-01 9.994545e-01 6.979362e-01
3.746567e+00 8.368414e-01 6.306241e-01 5.422658e-01 9.996246e-01 7.009938e-01
3.753648e+00 8.329236e-01 6.360189e-01 5.367905e-01 9.997632e-01 7.040447e-01
3.760730e+00 8.289637e-01 6.413830e-01 5.312911e-01 9.998700e-01 7.070887e-01
3.767811e+00 8.249619e-01 6.467162e-01 5.257678e-01 9.999451e-01 7.101257e-01
3.774893e+00 8.209183e-01 6.520182e-01 5.202208e-01 9.999884e-01 7.131555e-01
3.781974e+00 8.168332e-01 6.572887e-01 5.146503e-01 9.999997e-01 7.161781e-01
3.789056e+00 8.127067e-01 6.625275e-01 5.090566e-01 9.999790e-01 7.191931e-01
3.796137e+00 8.085392e-01 6.677343e-01 5.034398e-01 9.999262e-01 7.222004e-01
3.803219e+00 8.043308e-01 6.729088e-01 4.978003e-01 9.998412e-01 7.252000e-01
3.810300e+00 8.000816e-01 6.780509e-01 4.921382e-01 9.997241e-01 7.281916e-01
3.817382e+00 7.957920e-01 6.831602e-01 4.864538e-01 9.995747e-01 7.311750e-01
3.824464e+00 7.914622e-01 6.882365e-01 4.807473e-01 9.993929e-01 7.341502e-01
3.831545e+00 7.870923e-01 6.932795e-01 4.750190e-01 9.991787e-01 7.371169e-01
3.838627e+00 7.826826e-01 6.982890e-01 4.692690e-01 9.989320e-01 7.400751e-01
3.845708e+00 7.782334e-01 7.032648e-01 4.634976e-01 9.986527e-01 7.430244e-01
3.852790e+00 7.737448e-01 7.082065e-01 4.577051e-01 9.983409e-01 7.459649e-01
3.859871e+00 7.692170e-01 7.131140e-01 4.518917e-01 9.979964e-01 7.488962e-01
3.866953e+00 7.646504e-01 7.179870e-01 4.460576e-01 9.976191e-01 7.518183e-01
3.874034e+00 7.600451e-01 7.228253e-01 4.402030e-01 9.972091e-01 7.547311e-01
3.881116e+00 7.554014e-01 7.276286e-01 4.343283e-01 9.967662e-01 7.576342e-01
3.888197e+00 7.507195e-01 7.323966e-01 4.284336e-01 9.962904e-01 7.605277e-01
3.895279e+00 7.459996e-01 7.371292e-01 4.225192e-01 9.957817e-01 7.634112e-01
3.902361e+00 7.412421e-01 7.418261e-01 4.165854e-01 9.952399e-01 7.662848e-01
3.909442e+00 7.364470e-01 7.464871e-01 4.106323e-01 9.946652e-01 7.691481e-01
3.916524e+00 7.316147e-01 7.511120e-01 4.046603e-01 9.940573e-01 7.720011e-01
3.923605e+00 7.267455e-01 7.557004e-01 3.986695e-01 9.934163e-01 7.748436e-01
3.930687e+00 7.218395e-01 7.602522e-01 3.926603e-01 9.927420e-01 7.776754e-01
3.937768e+00 7.168970e-01 7.647672e-01 3.866329e-01 9.920346e-01 7.804964e-01
3.944850e+00 7.119183e-01 7.692451e-01 3.805875e-01 9.912938e-01 7.833064e-01
3.951931e+00 7.069036e-01 7.736858e-01 3.745244e-01 9.905198e-01 7.861053e-01
3.959013e+00 7.018532e-01 7.780889e-01 3.684439e-01 9.897124e-01 7.888928e-01
3.966094e+00 6.967674e-01 7.824543e-01 3.623462e-01 9.888716e-01 7.916689e-01
3.973176e+00 6.916463e-01 7.867817e-01 3.562315e-01 9.879973e-01 7.944334e-01
3.980258e+00 6.864903e-01 7.910709e-01 3.501001e-01 9.870896e-01 7.971861e-01
3.987339e+00 6.812996e-01 7.953218e-01 3.439524e-01 9.861484e-01 7.999269e-01
3.994421e+00 6.760744e-01 7.995341e-01 3.377884e-01 9.851737e-01 8.026556e-01
4.001502e+00 6.708151e-01 8.037076e-01 3.316086e-01 9.841654e-01 8.053720e-01
4.008584e+00 6.655219e-01 8.078421e-01 3.254131e-01 9.831235e-01 8.080761e-01
4.015665e+00 6.601951e-01 8.119373e-01 3.192022e-01 9.820480e-01 8.107675e-01
4.022747e+00 6.548350e-01 8.159932e-01 3.129762e-01 9.809389e-01 8.134463e-01
4.029828e+00 6.494417e-01 8.200094e-01 3.067354e-01 9.797961e-01 8.161122e-01
4.036910e+00 6.440157e-01 8.239858e-01 3.004800e-01 9.786195e-01 8.187650e-01
4.043991e+00 6.385571e-01 8.279221e-01 2.942103e-01 9.774093e-01 8.214047e-01
4.051073e+00 6.330663e-01 8.318183e-01 2.879265e-01 9.761654e-01 8.240310e-01
4.058155e+00 6.275435e-01 8.356740e-01 2.816289e-01 9.748877e-01 8.266438e-01
4.065236e+00 6.219891e-01 8.394891e-01 2.753178e-01 9.735763e-01 8.292430e-01
4.072318e+00 6.164032e-01 8.432634e-01 2.689935e-01 9.722310e-01 8.318283e-01
4.079399e+00 6.107861e-01 8.469967e-01 2.626562e-01 9.708520e-01 8.343997e-01
4.086481e+00 6.051383e-01 8.506888e-01 2.563063e-01 9.694392e-01 8.369570e-01
4.093562e+00 5.994599e-01 8.543396e-01 2.499439e-01 9.679926e-01 8.395000e-01
4.100644e+00 5.937512e-01 8.579488e-01 2.435693e-01 9.665121e-01 8.420286e-01
4.107725e+00 5.880125e-01 8.615163e-01 2.371829e-01 9.649978e-01 8.445426e-01
4.114807e+00 5.822442e-01 8.650419e-01 2.307848e-01 9.634497e-01 8.470418e-01
4.121888e+00 5.764464e-01 8.685254e-01 2.243755e-01 9.618678e-01 8.495262e-01
4.128970e+00 5.706196e-01 8.719667e-01 2.179551e-01 9.602520e-01 8.519955e-01
4.136052e+00 5.647640e-01 8.753655e-01 2.115239e-01 9.586024e-01 8.544496e-01
4.143133e+00 5.588798e-01 8.787217e-01 2.050822e-01 9.569190e-01 8.568884e-01
4.150215e+00 5.529675e-01 8.820351e-01 1.986304e-01 9.552017e-01 8.593117e-01
4.157296e+00 5.470272e-01 8.853056e-01 1.921685e-01 9.534506e-01 8.617193e-01
4.164378e+00 5.410593e-01 8.885330e-01 1.856971e-01 9.516657e-01 8.641111e-01
4.171459e+00 5.350641e-01 8.917172e-01 1.792162e-01 9.498469e-01 8.664870e-01
4.178541e+00 5.290420e-01 8.948579e-01 1.727263e-01 9.479944e-01 8.688468e-01
4.185622e+00 5.229931e-01 8.979550e-01 1.662276e-01 9.461081e-01 8.711903e-01
4.192704e+00 5.169178e-01 9.010084e-01 1.597203e-01 9.441880e-01 8.735174e-01
4.199785e+00 5.108165e-01 9.040179e-01 1.532048e-01 9.422341e-01 8.758279e-01
4.206867e+00 5.046894e-01 9.069833e-01 1.466814e-01 9.402465e-01 8.781218e-01
4.213948e+00 4.985368e-01 9.099045e-01 1.401503e-01 9.382251e-01 8.803988e-01
4.221030e+00 4.923591e-01 9.127814e-01 1.336118e-01 9.361700e-01 8.826588e-01
4.228112e+00 4.861565e-01 9.156138e-01 1.270662e-01 9.340813e-01 8.849016e-01
4.235193e+00 4.799294e-01 9.184016e-01 1.205138e-01 9.319589e-01 8.871271e-01
4.242275e+00 4.736781e-01 9.211446e-01 1.139549e-01 9.298028e-01 8.893352e-01
4.249356e+00 4.674029e-01 9.238427e-01 1.073897e-01 9.276131e-01 8.915258e-01
4.256438e+00 4.611042e-01 9.264957e-01 1.008186e-01 9.253898e-01 8.936985e-01
4.263519e+00 4.547822e-01 9.291036e-01 9.424188e-02 9.231330e-01 8.958534e-01
4.270601e+00 4.484372e-01 9.316661e-01 8.765976e-02 9.208426e-01 8.979903e-01
4.277682e+00 4.420697e-01 9.341832e-01 8.107257e-02 9.185187e-01 9.001090e-01
4.284764e+00 4.356799e-01 9.366547e-01 7.448059e-02 9.161614e-01 9.022093e-01
4.291845e+00 4.292680e-01 9.390806e-01 6.788412e-02 9.137706e-01 9.042913e-01
4.298927e+00 4.228346e-01 9.414606e-01 6.128344e-02 9.113465e-01 9.063546e-01
4.306009e+00 4.163798e-01 9.437946e-01 5.467886e-02 9.088889e-01 9.083991e-01
4.313090e+00 4.099041e-01 9.460826e-01 4.807066e-02 9.063981e-01 9.104248e-01
4.320172e+00 4.034077e-01 9.483244e-01 4.145913e-02 9.038740e-01 9.124314e-01
4.327253e+00 3.968909e-01 9.505199e-01 3.484457e-02 9.013167e-01 9.144189e-01
4.334335e+00 3.903542e-01 9.526690e-01 2.822728e-02 8.987261e-01 9.163870e-01
4.341416e+00 3.837978e-01 9.547716e-01 2.160754e-02 8.961025e-01 9.183357e-01
4.348498e+00 3.772220e-01 9.568276e-01 1.498565e-02 8.934458e-01 9.202648e-01
4.355579e+00 3.706273e-01 9.588368e-01 8.361913e-03 8.907560e-01 9.221742e-01
4.362661e+00 3.640138e-01 9.607992e-01 1.736612e-03 8.880332e-01 9.240637e-01
4.369742e+00 3.573821e-01 9.627147e-01 4.889953e-03 8.852775e-01 9.259331e-01
4.376824e+00 3.507323e-01 9.645831e-01 1.151749e-02 8.824889e-01 9.277825e-01
4.383906e+00 3.440649e-01 9.664045e-01 1.814569e-02 8.796675e-01 9.296115e-01
4.390987e+00 3.373801e-01 9.681786e-01 2.477427e-02 8.768134e-01 9.314202e-01
4.398069e+00 3.306784e-01 9.699053e-01 3.140294e-02 8.739265e-01 9.332082e-01
4.405150e+00 3.239600e-01 9.715847e-01 3.803138e-02 8.710070e-01 9.349756e-01
4.412232e+00 3.172252e-01 9.732166e-01 4.465931e-02 8.680549e-01 9.367221e-01
4.419313e+00 3.104746e-01 9.748009e-01 5.128643e-02 8.650703e-01 9.384477e-01
4.426395e+00 3.037082e-01 9.763376e-01 5.791245e-02 8.620533e-01 9.401522e-01
4.433476e+00 2.969266e-01 9.778265e-01 6.453705e-02 8.590039e-01 9.418355e-01
4.440558e+00 2.901301e-01 9.792677e-01 7.115996e-02 8.559221e-01 9.434974e-01
4.447639e+00 2.833190e-01 9.806609e-01 7.778086e-02 8.528082e-01 9.451378e-01
4.454721e+00 2.764936e-01 9.820062e-01 8.439947e-02 8.496620e-01 9.467566e-01
4.461803e+00 2.696543e-01 9.833034e-01 9.101547e-02 8.464838e-01 9.483537e-01
4.468884e+00 2.628014e-01 9.845526e-01 9.762859e-02 8.432736e-01 9.499288e-01
4.475966e+00 2.559353e-01 9.857536e-01 1.042385e-01 8.400314e-01 9.514820e-01
4.483047e+00 2.490563e-01 9.869063e-01 1.108449e-01 8.367574e-01 9.530130e-01
4.490129e+00 2.421649e-01 9.880108e-01 1.174476e-01 8.334515e-01 9.545218e-01
4.497210e+00 2.352612e-01 9.890669e-01 1.240461e-01 8.301140e-01 9.560081e-01
4.504292e+00 2.283457e-01 9.900746e-01 1.306403e-01 8.267449e-01 9.574720e-01
4.511373e+00 2.214188e-01 9.910339e-01 1.372298e-01 8.233443e-01 9.589132e-01
4.518455e+00 2.144807e-01 9.919447e-01 1.438143e-01 8.199122e-01 9.603317e-01
4.525536e+00 2.075318e-01 9.928069e-01 1.503935e-01 8.164488e-01 9.617272e-01
4.532618e+00 2.005726e-01 9.936205e-01 1.569671e-01 8.129541e-01 9.630998e-01
4.539700e+00 1.936032e-01 9.943854e-01 1.635349e-01 8.094283e-01 9.644492e-01
4.546781e+00 1.866241e-01 9.951017e-01 1.700965e-01 8.058713e-01 9.657753e-01
4.553863e+00 1.796357e-01 9.957692e-01 1.766516e-01 8.022835e-01 9.670781e-01
4.560944e+00 1.726383e-01 9.963880e-01 1.831999e-01 7.986647e-01 9.683574e-01
4.568026e+00 1.656321e-01 9.969580e-01 1.897412e-01 7.950151e-01 9.696131e-01
4.575107e+00 1.586177e-01 9.974791e-01 1.962751e-01 7.913349e-01 9.708450e-01
4.582189e+00 1.515954e-01 9.979514e-01 2.028013e-01 7.876241e-01 9.720531e-01
4.589270e+00 1.445654e-01 9.983748e-01 2.093196e-01 7.838828e-01 9.732372e-01
4.596352e+00 1.375282e-01 9.987493e-01 2.158296e-01 7.801112e-01 9.743973e-01
4.603433e+00 1.304841e-01 9.990748e-01 2.223310e-01 7.763092e-01 9.755331e-01
4.610515e+00 1.234335e-01 9.993514e-01 2.288236e-01 7.724772e-01 9.766446e-01
4.617597e+00 1.163767e-01 9.995790e-01 2.353070e-01 7.686150e-01 9.777318e-01
4.624678e+00 1.093141e-01 9.997577e-01 2.417810e-01 7.647230e-01 9.787943e-01
4.631760e+00 1.022460e-01 9.998873e-01 2.482453e-01 7.608011e-01 9.798322e-01
4.638841e+00 9.517282e-02 9.999679e-01 2.546995e-01 7.568495e-01 9.808454e-01
4.645923e+00 8.809490e-02 9.999995e-01 2.611433e-01 7.528683e-01 9.818337e-01
4.653004e+00 8.101259e-02 9.999821e-01 2.675765e-01 7.488577e-01 9.827970e-01
4.660086e+00 7.392624e-02 9.999156e-01 2.739988e-01 7.448176e-01 9.837352e-01
4.667167e+00 6.683623e-02 9.998001e-01 2.804099e-01 7.407484e-01 9.846483e-01
4.674249e+00 5.974290e-02 9.996356e-01 2.868095e-01 7.366500e-01 9.855360e-01
4.681330e+00 5.264661e-02 9.994220e-01 2.931972e-01 7.325227e-01 9.863983e-01
4.688412e+00 4.554772e-02 9.991595e-01 2.995729e-01 7.283664e-01 9.872351e-01
4.695494e+00 3.844660e-02 9.988479e-01 3.059361e-01 7.241815e-01 9.880463e-01
4.702575e+00 3.134359e-02 9.984873e-01 3.122867e-01 7.199679e-01 9.888318e-01
4.709657e+00 2.423906e-02 9.980778e-01 3.186242e-01 7.157258e-01 9.895915e-01
4.716738e+00 1.713337e-02 9.976193e-01 3.249485e-01 7.114554e-01 9.903252e-01
4.723820e+00 1.002686e-02 9.971118e-01 3.312592e-01 7.071568e-01 9.910329e-01
4.730901e+00 2.919918e-03 9.965554e-01 3.375561e-01 7.028301e-01 9.917145e-01
4.737983e+00 4.187116e-03 9.959501e-01 3.438388e-01 6.984754e-01 9.923699e-01
4.745064e+00 1.129388e-02 9.952960e-01 3.501070e-01 6.940929e-01 9.929990e-01
4.752146e+00 1.840001e-02 9.945929e-01 3.563606e-01 6.896828e-01 9.936017e-01
4.759227e+00 2.550516e-02 9.938411e-01 3.625991e-01 6.852451e-01 9.941778e-01
4.766309e+00 3.260896e-02 9.930405e-01 3.688223e-01 6.807800e-01 9.947274e-01
4.773391e+00 3.971105e-02 9.921911e-01 3.750298e-01 6.762877e-01 9.952502e-01
4.780472e+00 4.681108e-02 9.912930e-01 3.812215e-01 6.717683e-01 9.957463e-01
4.787554e+00 5.390869e-02 9.903463e-01 3.873971e-01 6.672219e-01 9.962155e-01
4.794635e+00 6.100352e-02 9.893509e-01 3.935561e-01 6.626487e-01 9.966577e-01
4.801717e+00 6.809520e-02 9.883069e-01 3.996984e-01 6.580488e-01 9.970729e-01
4.808798e+00 7.518339e-02 9.872144e-01 4.058237e-01 6.534224e-01 9.974609e-01
4.815880e+00 8.226773e-02 9.860734e-01 4.119317e-01 6.487697e-01 9.978217e-01
4.822961e+00 8.934786e-02 9.848840e-01 4.180220e-01 6.440907e-01 9.981552e-01
4.830043e+00 9.642341e-02 9.836462e-01 4.240945e-01 6.393857e-01 9.984613e-01
4.837124e+00 1.034940e-01 9.823601e-01 4.301488e-01 6.346548e-01 9.987399e-01
4.844206e+00 1.105594e-01 9.810257e-01 4.361847e-01 6.298981e-01 9.989909e-01
4.851288e+00 1.176191e-01 9.796431e-01 4.422018e-01 6.251159e-01 9.992142e-01
4.858369e+00 1.246728e-01 9.782124e-01 4.481999e-01 6.203082e-01 9.994099e-01
4.865451e+00 1.317202e-01 9.767336e-01 4.541787e-01 6.154753e-01 9.995777e-01
4.872532e+00 1.387608e-01 9.752068e-01 4.601379e-01 6.106173e-01 9.997176e-01
4.879614e+00 1.457944e-01 9.736321e-01 4.660773e-01 6.057344e-01 9.998295e-01
4.886695e+00 1.528206e-01 9.720095e-01 4.719965e-01 6.008266e-01 9.999134e-01
4.893777e+00 1.598390e-01 9.703392e-01 4.778953e-01 5.958943e-01 9.999692e-01
4.900858e+00 1.668493e-01 9.686211e-01 4.837735e-01 5.909376e-01 9.999968e-01
4.907940e+00 1.738511e-01 9.668555e-01 4.896306e-01 5.859566e-01 9.999961e-01
4.915021e+00 1.808441e-01 9.650423e-01 4.954666e-01 5.809515e-01 9.999671e-01
4.922103e+00 1.878279e-01 9.631817e-01 5.012810e-01 5.759224e-01 9.999096e-01
4.929185e+00 1.948021e-01 9.612737e-01 5.070737e-01 5.708697e-01 9.998237e-01
4.936266e+00 2.017665e-01 9.593184e-01 5.128443e-01 5.657933e-01 9.997092e-01
4.943348e+00 2.087206e-01 9.573159e-01 5.185925e-01 5.606936e-01 9.995661e-01
4.950429e+00 2.156641e-01 9.552664e-01 5.243182e-01 5.555706e-01 9.993943e-01
4.957511e+00 2.225967e-01 9.531699e-01 5.300210e-01 5.504246e-01 9.991937e-01
4.964592e+00 2.295180e-01 9.510265e-01 5.357007e-01 5.452558e-01 9.989643e-01
4.971674e+00 2.364277e-01 9.488363e-01 5.413569e-01 5.400642e-01 9.987061e-01
4.978755e+00 2.433254e-01 9.465995e-01 5.469895e-01 5.348502e-01 9.984189e-01
4.985837e+00 2.502107e-01 9.443161e-01 5.525982e-01 5.296139e-01 9.981027e-01
4.992918e+00 2.570834e-01 9.419862e-01 5.581826e-01 5.243555e-01 9.977574e-01
5.000000e+00 2.639430e-01 9.396100e-01 5.637426e-01 5.190751e-01 9.973830e-01
